1733950729
1733158944
168694490X
1681990776
167926849X
1671891503
1671686640
1671685113
1670606465
1670311104
1670112667
1669244768
1669192369
1049234073
1049232496
1035284065
1023425114
1016230532
1000931161
886551900
884740978
88229461X
879364610
879248785
878775633
878182527
87436051X
85752772X
856955736
847299481
847186245
845969838
841310033
840617925
836697855
834228602
833127004
827493339
82648378X
821267523
817174222
816990751
816984220
810897369
799221597
796338701
789086905
778588114
771949650
769759947
768657210
766700909
749658932
739426095
732525136
722169442
718388348
717328082
716970503
700630708
700624066
700621342
700621083
700621032
700621024
700613447
700604251
700594213
700592563
700571914
70055372X
700542183
700532528
700528008
700527168
700520546
700519661
700515526
70050883X
700508694
700505903
700505105
70049877X
700498133
700494049
700493395
700492712
70047949X
700471693
700469478
700457879
70045750X
700451722
700451714
700447644
700443274
700441646
700434305
700434011
700431535
700431047
700428771
700428763
700425101
700424164
700423532
700421211
700420916
700418792
700412352
700411682
700411399
70040807X
700405143
70040354X
700403434
700403256
700402764
700402756
700401555
700400648
700389954
70038894X
700386181
70038586X
700385428
70038054X
700378316
70037809X
700377778
700372482
700372334
700369171
700367098
700365125
700364722
70023022X
700228977
700228969
700228950
700228942
700228071
70022596X
700224939
700224734
700224726
700224718
700222944
700222936
70022002X
700220011
700220003
700218297
700218289
700216057
700214968
70021495X
70021299X
700212949
700212930
700212922
700212914
700210326
700205683
700204601
700204598
700199942
700199934
70019987X
700198059
700198040
700198032
700198024
700198016
700198008
70019777X
700195378
700193332
700190899
700190880
700190872
70018189X
700181466
70018080X
700180087
700179445
70017849X
700177930
700174559
700174451
70017401X
700169431
700164715
700162801
700161899
700158421
700155767
700152768
700152709
700152172
700150420
700150226
700150218
70015017X
700148574
700148116
700145818
700144595
70014384X
700143777
700141502
700141499
700141421
700140646
700136916
700136592
70013641X
70013431X
700133909
700133437
700132384
70013218X
700131647
700130624
700130535
700130314
70012571X
700125515
70012411X
700122273
700121137
700118594
700115102
700112537
700110372
70010951X
700107770
700106596
70010657X
700100032
700098895
700097651
70009623X
700095403
700092986
700089144
700085203
700082050
700081410
700078851
700077774
70007726X
700074449
700072470
700071873
700071822
700068627
70006592X
700060987
700018778
677744552
677424760
677407815
66875009X
641877692
638936896
634600370
634432133
632960388
622618644
62091100X
599731729
584520212
57104963X
562069682
558539246
55770605X
551138327
534967353
529005395
52818301X
524236798
513870784
510879993
505496429
504360892
501754008
493128484
484057715
470658290
391745336
387609180
386161186
384641490
379610752
374226016
373939949
373937644
372407978
369249143
36896941X
365871826
365856339
365851892
365836125
35715116X
357055063
356531481
354502123
353815292
352382309
349841209
346823048
346058988
345789725
345173449
345173430
342828126
34282810X
340122811
33786134X
334758521
334758009
334248868
334239672
330916521
327730862
326843981
32683916X
326457933
326441905
326304002
326284702
326139249
326139222
326113533
326094067
325954194
325943958
325265976
325225680
325145334
321005465
319714330
308718992
308422481
306915049
306643782
305151169
305139908
305137905
305133586
305106120
301829055
301007462
271053348
266805760
266221041
265950619
254873049
251637379
25137985X
251070905
25080462X
250329786
249674947
249358123
249355302
249354950
249354411
248015885
246461217
245993428
244927448
24454476X
244354901
244354200
243930216
243447310
24301838X
242400965
242399207
240220242
239608534
239603370
239329201
239124731
236397230
23609761X
236097539
236094920
235454214
235452076
235214760
23485815X
234600683
233828877
233826009
233739238
232176760
231105800
231104472
230612148
230189512
22823655X
228235693
226305554
226302156
225659034
225656930
224884484
224884468
224884166
22488106X
224722484
223540552
22354051X
223475483
222619732
222465417
222458089
221410929
22128639X
221246002
216802512
213942828
21394085X
213938677
212681397
212577832
194969592
194450953
193995425
192862456
191674834
19166703X
191449563
190714964
190714522
190551305
190213272
190209240
190208805
189996633
189847042
189370564
189306548
189149337
18914923X
188239030
188237704
187463050
187459371
18659822X
186596200
185982166
185837409
185831192
185241239
184823137
184095905
183429613
183351029
183335031
183331230
181764776
181764156
181759187
181374420
181325667
181325624
181320983
181317419
181309327
181304937
181302632
18126143X
181241374
181240432
164049290
164049274
163993947
163989206
157269205
155490753
153779802
153675241
153297085
152703675
152615393
148592945
148592902
148295959
148047769
148045421
148042759
132027569
131763067
131761692
131761307
131525891
131308459
12859327X
128436948
128276444
127417788
126929289
126927189
126927162
126770514
126769958
126598525
126496366
126495319
124345530
124345433
124259804
124255922
124247946
123830508
123522641
123212855
12321209X
123212073
12320769X
123205638
123203171
123197791
123196000
123183731
123183707
123183685
121632903
121618285
121612031
121608026
12160800X
121589382
106402161
10639343X
106393294
106388258
10638631X
106376934
106371193
106361007
106359991
106359754
10634742X
10633820X
106338099
106338064
106338056
106336673
106334158
106323873
106320084
106306103
106294830
106294806
106294792
106293966
106293516
10628813X
106276522
106263269
106258559
10625569X
106254340
106249738
106246909
10624650X
10624017X
106227874
106224662
106213059
106204513
106204033
106197568
106191586
106189379
106177826
10617780X
106175335
106173065
106165747
106162128
10615768X
106154540
106154451
106148680
106139029
106137778
10613776X
106137433
106137425
106126237
106126083
106112511
106102664
106097164
106094874
106091336
106088653
106084704
106084348
106083015
106074091
105835994
10583551X
105834858
105834807
105830135
105829226
105828068
105826626
105823082
105822388
105812072
105811904
105805157
105800694
105800368
105763853
105763845
105763705
105763381
105760196
105759899
105759821
105757039
105756903
105756423
10575207X
105751405
105751391
105740896
105733261
105729426
105726575
105721492
105718882
105716634
105712558
105709085
105708593
105708305
105706124
105702900
105701432
105700827
105699055
105698237
105696811
105689866
105688673
105688614
105688584
105688576
105687103
105686042
105686034
105685828
105679690
105679682
105674486
105670901
105670898
105667455
105656755
105653675
105652474
105652466
10565034X
105643718
105641871
105638137
105635979
105635405
105635286
105631035
105625140
105622451
105622443
105622141
105620149
105617512
105613797
105611565
105604224
105603996
105603953
10559864X
105598631
105598321
105596671
105596604
105591246
105589020
105588768
10558813X
105583820
105578169
105577251
105575577
105575569
105575526
105572276
105570559
105570435
105560715
105558087
105554723
105553840
105551783
105548235
105548081
105544035
105543659
105540706
105539619
105538612
105537764
105537659
105535214
105535206
105534366
105534358
105533564
105531928
105531871
105531529
105531499
10553093X
105530891
105529346
105529338
105528773
105528560
105528390
105528358
105528048
105519316
105519294
105518395
105517437
105517348
105517291
105517283
105517275
105515469
105512966
105512958
105510491
105510106
105508918
105508896
10550887X
105508861
105508403
105507091
105506834
105505994
105501778
10549819X
105496332
105493937
105485012
105485004
105484997
105484156
105484121
105481297
105481289
105480967
105480959
105480924
105480908
105480886
105480851
105480827
105480819
105480762
105480754
105478555
105478539
105478172
105475882
105475874
105471895
105471224
105469629
105468649
105465534
10545981X
105458996
105458988
105457698
105456292
105455032
105454133
105452866
105452637
105451886
105451703
105451622
105450707
105448591
10544538X
105445223
105445045
10543857X
105438324
105438014
105437948
10543793X
105437905
105435767
105432490
105427705
105427691
105427306
105425389
10542384X
105423483
105420913
105419257
105419249
105418528
105417947
105417939
105417459
105417297
105417270
105417246
105414174
105408387
105405906
105404721
10540215X
105401544
105400572
105399949
105399906
10539680X
105395692
105395544
105391212
105390496
105387819
105383805
105383686
105383643
105383295
105382140
105381365
105379891
105379670
105379077
105370266
105368032
105367567
105367400
105363332
105362778
10536228X
105360090
105359327
10535807X
10535306X
10534916X
105348678
105347558
105347140
105346586
105346543
105346527
10534625X
105345954
105344990
105344982
105344974
105344966
105343811
105343498
105342947
105341541
105341525
105341452
105340677
105339202
105338206
105337978
105337676
105335827
10533572X
105335703
105334499
105334480
105333808
105333794
10533314X
105333131
105333107
105333093
105331864
105331147
105331120
105330574
105329444
105328316
105326852
105321494
105320919
105320838
105320536
10531692X
105316822
105315567
105314609
105314595
105314250
10531417X
105314145
105311731
105311200
105309974
105308692
10530820X
105307866
105306525
105306118
105302392
105299839
105296791
105295744
105295388
10529523X
105292958
105291218
10529120X
105289337
105289329
105287784
105286974
105286931
105286923
105286818
10528680X
105285870
105284785
105284262
10528419X
105283266
105281433
105280348
105280070
105279765
105275441
105273155
105272019
105268011
105267988
105267791
105267694
105266256
105264997
105264660
105264571
105263982
105260800
105259799
105257028
105256994
105255904
105254924
105254126
105248851
105248843
105242608
105241032
105238325
10523608X
105233897
105228389
105227099
105222941
105222275
10520983X
105209821
105197343
105181072
105179787
105178012
10517792X
105166162
105166154
105166138
10516612X
10516609X
105166081
105164275
105164232
105164224
105164216
105164208
105163767
105163740
105163627
105161403
105160873
105160865
105160407
105160369
105159921
105159867
105159638
10515850X
105148938
105145696
105143340
105140430
105139491
105136085
105134104
105133892
105132632
105131741
105130923
105123633
105120707
105120529
105120510
105113980
10510681X
105096768
105089400
105088765
105015474
105011916
105011827
105011487
105011029
105010766
105010758
105010634
105010502
105010499
105008729
105008478
10500846X
104986301
104983973
104981792
104981121
104975784
104975121
10497155X
104969318
104959428
104933682
104923113
104909897
104909668
10490965X
104904739
104902280
104897511
104890053
10488794X
104884290
104883936
104881739
10487998X
104873604
104872209
104869054
104865075
10486172X
104860529
104859679
104819227
104819081
104818980
104814152
104813490
104813261
104812397
104812133
104809523
104808306
104804343
104804025
104803983
104798726
104798238
104797924
104793376
104790547
104785489
104781068
104780622
104779861
104779772
104779640
104775610
104775602
104775297
104773960
104773952
104772719
104766190
104765712
104763914
104759488
104758619
104758430
104756276
104755385
104754915
104749903
104749180
104749156
104749083
104749075
10474832X
104724226
104724218
104722649
104722525
104715197
104712546
104711868
104710896
104704101
104703997
104703970
104703938
104703784
104698225
104691220
104688521
104686626
10468660X
104686561
104686545
104679727
104678364
104675365
104664657
104664630
104662999
104656891
104651261
104650508
104650494
104650397
104646632
104642319
10463569X
104617292
104608935
104601973
104598549
104597720
104596252
10459232X
104592281
104592273
104589787
104585161
104583894
104579145
104578718
104577355
104571896
104563443
104556994
104545127
104545119
104544376
104543930
104541202
104540133
104536225
104536020
104535261
104535253
104535180
104534915
104532696
104532688
10453267X
104531606
104531142
104523425
104522070
104521333
104510641
104509732
104503769
104503459
104503440
104503386
104497688
104487488
104483261
104482206
104481935
104475390
104468424
10446190X
104457570
104457252
104454350
10445315X
104450290
104449845
104449659
104449624
104443820
104442417
104440503
104436042
104436034
104434392
104434007
104433760
104429348
104424273
104422696
104421800
104399309
10439904X
104390344
104388307
104387599
104387378
104386835
104382899
104378131
104377402
104376902
104376775
104375965
104375531
104364149
104358165
104353716
104353198
104346124
104340371
104327022
104326700
104326581
104326417
104326409
104326387
104324880
104324627
104323752
104321148
104320117
104320109
104317469
104311266
104305134
104305096
104304359
104300221
104295643
104295058
104294612
104280514
104270098
10425968X
104236108
104231882
10422844X
104226218
104211504
104211466
104211385
104211156
104211008
104201533
104198222
104197994
104196408
104196238
104196130
104195355
104189029
104176660
104174536
104168153
104160578
104159278
104150939
104150076
104144807
104143304
104137894
104137789
104137681
104137673
104137665
104137266
104137193
104136715
104130806
104130334
104126361
104123508
104122552
104122420
104117672
104109629
104109394
